4294967278,535
4294967278,534
4294967279,347
4294967294,909
4294967278,533
31,5
4294967278,532
4294967279,346
31,4
4294967294,897
4294967278,531
31,3
31,2
31,1
31,0
4294967279,345
4294967294,183
4294967294,470
4294967294,1151
30,5
30,4
30,3
30,2
30,1
30,0
29,4
29,3
29,2
29,1
29,0
28,4
28,3
28,2
28,1
28,0
4294967278,530
27,5
27,4
27,3
27,2
27,1
27,0
4294967278,529
4294967278,528
4294967279,344
4294967278,527
4294967278,526
26,5
26,4
26,3
26,2
26,1
26,0
4294967278,525
4294967279,343
4294967278,524
4294967278,523
4294967279,342
25,5
25,4
25,3
25,2
25,1
25,0
4294967278,522
4294967279,341
4294967278,521
4294967279,340
24,5
24,4
24,3
24,2
24,1
24,0
4294967279,339
4294967279,338
4294967278,520
4294967279,337
4294967278,519
4294967279,336
4294967279,335
23,5
23,4
23,3
23,2
23,1
23,0
4294967279,334
4294967279,333
4294967278,518
4294967279,332
22,5
22,4
22,3
22,2
22,1
22,0
4294967279,331
4294967278,517
4294967279,330
4294967278,516
4294967279,329
21,5
21,4
21,3
21,2
21,1
21,0
4294967278,515
4294967279,328
20,5
20,4
20,3
20,2
20,1
20,0
4294967279,327
4294967278,514
4294967279,326
19,6
19,5
19,4
19,3
19,2
19,1
19,0
4294967279,325
4294967279,324
4294967279,323
4294967278,513
4294967279,322
4294967279,321
4294967279,320
18,5
4294967278,512
18,4
18,3
18,2
18,1
18,0
4294967279,319
4294967278,319
4294967279,318
4294967278,318
4294967279,317
4294967278,317
17,4
4294967279,316
17,3
17,2
17,1
17,0
4294967278,316
4294967279,315
4294967278,315
4294967278,314
4294967279,314
4294967279,313
16,6
16,5
16,4
16,3
16,2
16,1
16,0
4294967278,313
4294967278,312
4294967279,312
4294967294,1150
4294967294,1149
15,5
15,4
15,3
15,2
15,1
15,0
4294967294,81
4294967279,311
9,5
4294967278,311
4294967279,310
4294967278,310
4294967279,309
4294967278,309
4294967279,308
4294967278,308
14,6
14,5
14,4
14,3
14,2
14,1
14,0
4294967279,307
4294967279,306
4294967278,307
4294967279,305
4294967278,306
4294967279,304
4294967278,305
4294967279,303
13,5
13,4
13,3
13,2
13,1
13,0
4294967279,302
4294967279,301
4294967278,304
4294967278,303
8,5
4294967279,300
4294967278,302
4294967279,299
4294967278,301
4294967279,298
4294967278,300
4294967279,297
12,6
12,5
12,4
12,3
12,2
12,1
12,0
4294967278,299
4294967278,298
4294967279,296
4294967278,297
4294967279,295
4294967278,296
4294967279,294
4294967278,295
11,5
11,4
11,3
11,2
11,1
11,0
4294967278,294
4294967278,293
4294967279,293
4294967279,292
6,5
4294967278,292
4294967279,291
4294967278,291
4294967279,290
4294967278,290
4294967279,289
4294967278,289
10,5
10,4
10,3
10,2
10,1
10,0
4294967278,288
4294967294,971
4294967278,287
4294967279,288
4294967279,287
4,5
4294967279,286
4294967278,286
9,4
9,3
9,2
9,1
9,0
4294967279,285
8,4
8,3
8,2
8,1
8,0
4294967279,284
7,5
7,4
7,3
7,2
7,1
7,0
4294967278,285
6,4
6,3
6,2
6,1
6,0
4294967278,284
5,5
5,4
5,3
5,2
5,1
5,0
4294967278,283
4,4
4,3
4,2
4,1
4,0
4294967279,283
4294967279,282
4294967279,281
3,5
4294967278,276
3,4
3,3
3,2
3,1
3,0
4294967294,469
2,4
2,3
2,2
2,1
2,0
4294967279,280
4294967279,278
4294967293,131
4294967293,130
4294967293,129
4294967293,128
4294967293,127
